0 4 0
1 4 6 1 3 3 12
2 4 4
4 4 12 5 6 1 9
8 4 2
32 4 8
64 4 3 3 9 7 6
128 4 1
256 4 9 5 3 7 12
3 4 4
5 4 4 1 11
9 4 2
33 4 14 1 11
65 4 2 3 13
129 4 3 3 12
257 4 15 5 3 7 12 3 12 1 3
6 4 4
10 4 6
34 4 12
66 4 6 3 9
130 4 5
258 4 12 5 3
12 4 6 1 9
36 4 8
68 4 15 7 6 3 9 1 9 5 6
132 4 9 5 6
260 4 8 5 7
40 4 10
72 4 2
136 4 3
264 4 3 7 12
96 4 9 7 6
160 4 9
288 4 8
192 4 1
320 4 1 7 14
384 4 1
7 4 4
11 4 6
35 4 12
67 4 6 3 13
131 4 5
249 4 12 5 3
13 4 6 1 11
37 4 12 1 11
69 4 6 1 11 3 13
133 4 5 1 11
261 4 12 5 7 1 11
41 4 10
73 4 2
137 4 3
265 4 10 5 3
97 4 10 3 13
161 4 15 3 12 1 3
289 4 12 1 3
193 4 3 3 13
321 4 3 3 13 7 14
385 4 3 3 12 1 3
14 4 6
38 4 12
70 4 6 3 9
134 4 5
262 4 12 5 7
42 4 14
74 4 6
138 4 7
266 4 15 5 3 7 12
98 4 15 3 9 7 6
162 4 13
290 4 12
194 4 15 5 3 3 9 7 14
386 4 5
44 4 10
76 4 6 1 9
140 4 15 5 6 1 9
268 4 15 1 9 7 12 5 7
100 4 9 7 6
164 4 9
292 4 8
196 4 9 5 6
324 4 9 7 14 5 7
388 4 9 5 7
104 4 10
200 4 3
328 4 3 7 14
392 4 3
224 4 9
352 4 9 7 14
416 4 9
448 4 1
15 4 6
39 4 12
71 4 6 3 13
133 4 5
263 4 12 5 7
43 4 14
75 4 6
139 4 7
267 4 15 7 12 5 3
99 4 15 3 13 7 6
163 4 13
291 4 12
195 4 5
323 4 5 7 14 3 13
387 4 5
45 4 14 1 11
77 4 6 1 11
141 4 7 1 11
269 4 14 5 7 1 11
